s.submission_id,	 s.hacker_id,	 s.challenge_id,	 s.score,	c.challenge_id,	c.difficulty_level, d.score, h.name 	

    43954 40226 69855 40 69855 48984 3 1 20 40226 Anna

    43954 40226 69855 40 69855 48984 3 2 30 40226 Anna

    43954 40226 69855 40 69855 48984 3 3 40 40226 Anna

    43954 40226 69855 40 69855 48984 3 4 60 40226 Anna

    43954 40226 69855 40 69855 48984 3 5 80 40226 Anna

    43954 40226 69855 40 69855 48984 3 6 100 40226 Anna

    43954 40226 69855 40 69855 48984 3 7 120 40226 Anna

    89007 85039 44764 14 44764 14863 2 1 20 85039 Linda

    89007 85039 44764 14 44764 14863 2 2 30 85039 Linda

    89007 85039 44764 14 44764 14863 2 3 40 85039 Linda

    89007 85039 44764 14 44764 14863 2 4 60 85039 Linda

    89007 85039 44764 14 44764 14863 2 5 80 85039 Linda

    89007 85039 44764 14 44764 14863 2 6 100 85039 Linda

    89007 85039 44764 14 44764 14863 2 7 120 85039 Linda

    38171 32172 25419 80 25419 49307 5 1 20 32172 Jonathan

    38171 32172 25419 80 25419 49307 5 2 30 32172 Jonathan

    38171 32172 25419 80 25419 49307 5 3 40 32172 Jonathan

    38171 32172 25419 80 25419 49307 5 4 60 32172 Jonathan

    38171 32172 25419 80 25419 49307 5 5 80 32172 Jonathan

    38171 32172 25419 80 25419 49307 5 6 100 32172 Jonathan

    38171 32172 25419 80 25419 49307 5 7 120 32172 Jonathan

    95655 95822 63530 47 63530 39771 4 1 20 95822 Wayne

    95655 95822 63530 47 63530 39771 4 2 30 95822 Wayne

    95655 95822 63530 47 63530 39771 4 3 40 95822 Wayne

    95655 95822 63530 47 63530 39771 4 4 60 95822 Wayne

    95655 95822 63530 47 63530 39771 4 5 80 95822 Wayne

    95655 95822 63530 47 63530 39771 4 6 100 95822 Wayne

    95655 95822 63530 47 63530 39771 4 7 120 95822 Wayne

    67667 61885 55235 16 55235 59853 4 1 20 61885 Gerald

    67667 61885 55235 16 55235 59853 4 2 30 61885 Gerald

    67667 61885 55235 16 55235 59853 4 3 40 61885 Gerald

    67667 61885 55235 16 55235 59853 4 4 60 61885 Gerald

    67667 61885 55235 16 55235 59853 4 5 80 61885 Gerald

    67667 61885 55235 16 55235 59853 4 6 100 61885 Gerald

    67667 61885 55235 16 55235 59853 4 7 120 61885 Gerald

    608 72 93294 0 93294 59907 4 1 20 72 Rose

    608 72 93294 0 93294 59907 4 2 30 72 Rose

    608 72 93294 0 93294 59907 4 3 40 72 Rose

    608 72 93294 0 93294 59907 4 4 60 72 Rose

    608 72 93294 0 93294 59907 4 5 80 72 Rose

    608 72 93294 0 93294 59907 4 6 100 72 Rose

    608 72 93294 0 93294 59907 4 7 120 72 Rose

    48950 47641 51898 30 51898 5720 2 1 20 47641 Patricia

    48950 47641 51898 30 51898 5720 2 2 30 47641 Patricia

    48950 47641 51898 30 51898 5720 2 3 40 47641 Patricia

    48950 47641 51898 30 51898 5720 2 4 60 47641 Patricia

    48950 47641 51898 30 51898 5720 2 5 80 47641 Patricia

    48950 47641 51898 30 51898 5720 2 6 100 47641 Patricia

    48950 47641 51898 30 51898 5720 2 7 120 47641 Patricia

    14835 13762 44764 30 44764 14863 2 1 20 13762 Gloria

    14835 13762 44764 30 44764 14863 2 2 30 13762 Gloria

    14835 13762 44764 30 44764 14863 2 3 40 13762 Gloria

    14835 13762 44764 30 44764 14863 2 4 60 13762 Gloria

    14835 13762 44764 30 44764 14863 2 5 80 13762 Gloria

    14835 13762 44764 30 44764 14863 2 6 100 13762 Gloria

    14835 13762 44764 30 44764 14863 2 7 120 13762 Gloria

    5719 3768 44764 20 44764 14863 2 1 20 3768 Earl

    5719 3768 44764 20 44764 14863 2 2 30 3768 Earl

    5719 3768 44764 20 44764 14863 2 3 40 3768 Earl

    5719 3768 44764 20 44764 14863 2 4 60 3768 Earl

    5719 3768 44764 20 44764 14863 2 5 80 3768 Earl

    5719 3768 44764 20 44764 14863 2 6 100 3768 Earl

    5719 3768 44764 20 44764 14863 2 7 120 3768 Earl

    79124 74101 19274 27 19274 270 7 1 20 74101 Ashley

    79124 74101 19274 27 19274 270 7 2 30 74101 Ashley

    79124 74101 19274 27 19274 270 7 3 40 74101 Ashley

    79124 74101 19274 27 19274 270 7 4 60 74101 Ashley

    79124 74101 19274 27 19274 270 7 5 80 74101 Ashley

    79124 74101 19274 27 19274 270 7 6 100 74101 Ashley

    79124 74101 19274 27 19274 270 7 7 120 74101 Ashley

    9608 9761 51898 80 51898 5720 2 1 20 9761 Jennifer

    9608 9761 51898 80 51898 5720 2 2 30 9761 Jennifer

    9608 9761 51898 80 51898 5720 2 3 40 9761 Jennifer

    9608 9761 51898 80 51898 5720 2 4 60 9761 Jennifer

    9608 9761 51898 80 51898 5720 2 5 80 9761 Jennifer

    9608 9761 51898 80 51898 5720 2 6 100 9761 Jennifer

    9608 9761 51898 80 51898 5720 2 7 120 9761 Jennifer

    66937 61703 44764 14 44764 14863 2 1 20 61703 Paul

    66937 61703 44764 14 44764 14863 2 2 30 61703 Paul

    66937 61703 44764 14 44764 14863 2 3 40 61703 Paul

    66937 61703 44764 14 44764 14863 2 4 60 61703 Paul

    66937 61703 44764 14 44764 14863 2 5 80 61703 Paul

    66937 61703 44764 14 44764 14863 2 6 100 61703 Paul

    66937 61703 44764 14 44764 14863 2 7 120 61703 Paul

    70395 65817 99326 72 99326 18983 5 1 20 65817 Paul

    70395 65817 99326 72 99326 18983 5 2 30 65817 Paul

    70395 65817 99326 72 99326 18983 5 3 40 65817 Paul

    70395 65817 99326 72 99326 18983 5 4 60 65817 Paul

    70395 65817 99326 72 99326 18983 5 5 80 65817 Paul

    70395 65817 99326 72 99326 18983 5 6 100 65817 Paul

    70395 65817 99326 72 99326 18983 5 7 120 65817 Paul

    1602 929 63530 0 63530 39771 4 1 20 929 Frank

    1602 929 63530 0 63530 39771 4 2 30 929 Frank

    1602 929 63530 0 63530 39771 4 3 40 929 Frank

    1602 929 63530 0 63530 39771 4 4 60 929 Frank

    1602 929 63530 0 63530 39771 4 5 80 929 Frank

    1602 929 63530 0 63530 39771 4 6 100 929 Frank

    1602 929 63530 0 63530 39771 4 7 120 929 Frank

    38474 32172 51898 30 51898 5720 2 1 20 32172 Jonathan

    38474 32172 51898 30 51898 5720 2 2 30 32172 Jonathan

    38474 32172 51898 30 51898 5720 2 3 40 32172 Jonathan

    38474 32172 51898 30 51898 5720 2 4 60 32172 Jonathan

    38474 32172 51898 30 51898 5720 2 5 80 32172 Jonathan

    38474 32172 51898 30 51898 5720 2 6 100 32172 Jonathan

    38474 32172 51898 30 51898 5720 2 7 120 32172 Jonathan

    88883 84653 69886 1 69886 90653 1 1 20 84653 Julia

    88883 84653 69886 1 69886 90653 1 2 30 84653 Julia

    88883 84653 69886 1 69886 90653 1 3 40 84653 Julia

    88883 84653 69886 1 69886 90653 1 4 60 84653 Julia

    88883 84653 69886 1 69886 90653 1 5 80 84653 Julia

    88883 84653 69886 1 69886 90653 1 6 100 84653 Julia

    88883 84653 69886 1 69886 90653 1 7 120 84653 Julia

    94969 92776 55235 57 55235 59853 4 1 20 92776 Craig

    94969 92776 55235 57 55235 59853 4 2 30 92776 Craig

    94969 92776 55235 57 55235 59853 4 3 40 92776 Craig

    94969 92776 55235 57 55235 59853 4 4 60 92776 Craig

    94969 92776 55235 57 55235 59853 4 5 80 92776 Craig

    94969 92776 55235 57 55235 59853 4 6 100 92776 Craig

    94969 92776 55235 57 55235 59853 4 7 120 92776 Craig

    39613 35583 11319 30 11319 70325 2 1 20 35583 Norma

    39613 35583 11319 30 11319 70325 2 2 30 35583 Norma

    39613 35583 11319 30 11319 70325 2 3 40 35583 Norma

    39613 35583 11319 30 11319 70325 2 4 60 35583 Norma

    39613 35583 11319 30 11319 70325 2 5 80 35583 Norma

    39613 35583 11319 30 11319 70325 2 6 100 35583 Norma

    39613 35583 11319 30 11319 70325 2 7 120 35583 Norma

    60498 57147 55235 10 55235 59853 4 1 20 57147 Jerry

    60498 57147 55235 10 55235 59853 4 2 30 57147 Jerry

    60498 57147 55235 10 55235 59853 4 3 40 57147 Jerry

    60498 57147 55235 10 55235 59853 4 4 60 57147 Jerry

    60498 57147 55235 10 55235 59853 4 5 80 57147 Jerry

    60498 57147 55235 10 55235 59853 4 6 100 57147 Jerry

    60498 57147 55235 10 55235 59853 4 7 120 57147 Jerry

    66873 61703 36420 24 36420 46205 5 1 20 61703 Paul

    66873 61703 36420 24 36420 46205 5 2 30 61703 Paul

    66873 61703 36420 24 36420 46205 5 3 40 61703 Paul

    66873 61703 36420 24 36420 46205 5 4 60 61703 Paul

    66873 61703 36420 24 36420 46205 5 5 80 61703 Paul

    66873 61703 36420 24 36420 46205 5 6 100 61703 Paul

    66873 61703 36420 24 36420 46205 5 7 120 61703 Paul

    61607 57694 51898 5 51898 5720 2 1 20 57694 Elizabeth

    61607 57694 51898 5 51898 5720 2 2 30 57694 Elizabeth

    61607 57694 51898 5 51898 5720 2 3 40 57694 Elizabeth

    61607 57694 51898 5 51898 5720 2 4 60 57694 Elizabeth

    61607 57694 51898 5 51898 5720 2 5 80 57694 Elizabeth

    61607 57694 51898 5 51898 5720 2 6 100 57694 Elizabeth

    61607 57694 51898 5 51898 5720 2 7 120 57694 Elizabeth

    16169 14246 55235 60 55235 59853 4 1 20 14246 David

    16169 14246 55235 60 55235 59853 4 2 30 14246 David

    16169 14246 55235 60 55235 59853 4 3 40 14246 David

    16169 14246 55235 60 55235 59853 4 4 60 14246 David

    16169 14246 55235 60 55235 59853 4 5 80 14246 David

    16169 14246 55235 60 55235 59853 4 6 100 14246 David

    16169 14246 55235 60 55235 59853 4 7 120 14246 David

    61307 57650 63530 31 63530 39771 4 1 20 57650 Thomas

    61307 57650 63530 31 63530 39771 4 2 30 57650 Thomas

    61307 57650 63530 31 63530 39771 4 3 40 57650 Thomas

    61307 57650 63530 31 63530 39771 4 4 60 57650 Thomas

    61307 57650 63530 31 63530 39771 4 5 80 57650 Thomas

    61307 57650 63530 31 63530 39771 4 6 100 57650 Thomas

    61307 57650 63530 31 63530 39771 4 7 120 57650 Thomas

    82072 74932 69855 37 69855 48984 3 1 20 74932 Marilyn

    82072 74932 69855 37 69855 48984 3 2 30 74932 Marilyn

    82072 74932 69855 37 69855 48984 3 3 40 74932 Marilyn

    82072 74932 69855 37 69855 48984 3 4 60 74932 Marilyn

    82072 74932 69855 37 69855 48984 3 5 80 74932 Marilyn

    82072 74932 69855 37 69855 48984 3 6 100 74932 Marilyn

    82072 74932 69855 37 69855 48984 3 7 120 74932 Marilyn

    54331 51503 36911 47 36911 80659 7 1 20 51503 Gerald

    54331 51503 36911 47 36911 80659 7 2 30 51503 Gerald

    54331 51503 36911 47 36911 80659 7 3 40 51503 Gerald

    54331 51503 36911 47 36911 80659 7 4 60 51503 Gerald

    54331 51503 36911 47 36911 80659 7 5 80 51503 Gerald

    54331 51503 36911 47 36911 80659 7 6 100 51503 Gerald

    54331 51503 36911 47 36911 80659 7 7 120 51503 Gerald

    31874 26253 69855 40 69855 48984 3 1 20 26253 John

    31874 26253 69855 40 69855 48984 3 2 30 26253 John

    31874 26253 69855 40 69855 48984 3 3 40 26253 John

    31874 26253 69855 40 69855 48984 3 4 60 26253 John

    31874 26253 69855 40 69855 48984 3 5 80 26253 John

    31874 26253 69855 40 69855 48984 3 6 100 26253 John

    31874 26253 69855 40 69855 48984 3 7 120 26253 John

    82971 75773 99326 49 99326 18983 5 1 20 75773 Cheryl

    82971 75773 99326 49 99326 18983 5 2 30 75773 Cheryl

    82971 75773 99326 49 99326 18983 5 3 40 75773 Cheryl

    82971 75773 99326 49 99326 18983 5 4 60 75773 Cheryl

    82971 75773 99326 49 99326 18983 5 5 80 75773 Cheryl

    82971 75773 99326 49 99326 18983 5 6 100 75773 Cheryl

    82971 75773 99326 49 99326 18983 5 7 120 75773 Cheryl

    93663 91557 93294 27 93294 59907 4 1 20 91557 Jimmy

    93663 91557 93294 27 93294 59907 4 2 30 91557 Jimmy

    93663 91557 93294 27 93294 59907 4 3 40 91557 Jimmy

    93663 91557 93294 27 93294 59907 4 4 60 91557 Jimmy

    93663 91557 93294 27 93294 59907 4 5 80 91557 Jimmy

    93663 91557 93294 27 93294 59907 4 6 100 91557 Jimmy

    93663 91557 93294 27 93294 59907 4 7 120 91557 Jimmy

    25663 20504 37472 120 37472 97708 7 1 20 20504 John

    25663 20504 37472 120 37
